$ 1 0.000005 10.20027730826997 50 5 50 5e-11
I 400 272 480 272 0 0.5 5
I 400 336 480 336 0 0.5 5
I 400 400 480 400 0 0.5 5
I 400 464 480 464 0 0.5 5
I 400 528 480 528 0 0.5 5
154 -128 752 -32 752 0 2 0 5
154 -128 816 -32 816 0 2 0 5
154 -128 880 -32 880 0 2 0 5
154 -128 944 -32 944 0 2 0 5
154 -128 624 -32 624 0 2 0 5
154 -128 560 -32 560 0 2 0 5
154 -128 496 -32 496 0 2 0 5
154 -128 432 -32 432 0 2 0 5
152 176 528 256 528 0 4 0 5
152 176 832 256 832 0 4 0 5
w -32 944 176 864 0
w -32 880 176 848 0
w -32 816 176 816 0
w -32 752 176 800 0
w -32 624 176 560 0
w -32 560 176 544 0
w -32 496 176 512 0
w -32 432 176 496 0
w -32 128 176 192 0
w -32 192 176 208 0
w -32 256 176 240 0
w -32 320 176 256 0
152 176 224 256 224 0 4 0 5
154 -128 128 -32 128 0 2 0 5
154 -128 192 -32 192 0 2 0 5
154 -128 256 -32 256 0 2 0 5
154 -128 320 -32 320 0 2 0 5
154 -128 32 -32 32 0 2 0 5
154 -128 -32 -32 -32 0 2 0 5
154 -128 -96 -32 -96 0 2 0 5
154 -128 -160 -32 -160 0 2 0 5
152 176 -64 256 -64 0 4 0 5
w -32 32 176 -32 0
w -32 -32 176 -48 0
w -32 -96 176 -80 0
w -32 -160 176 -96 0
w -32 1056 176 1104 0
w -32 1120 176 1120 0
w -32 1184 176 1152 0
w -32 1248 176 1168 0
152 176 1136 256 1136 0 4 0 5
154 -128 1248 -32 1248 0 2 0 5
154 -128 1184 -32 1184 0 2 0 5
154 -128 1120 -32 1120 0 2 0 5
154 -128 1056 -32 1056 0 2 0 5
w -32 -448 176 -400 0
w -32 -384 176 -384 0
w -32 -320 176 -352 0
w -32 -256 176 -336 0
152 176 -368 256 -368 0 4 0 5
154 -128 -256 -32 -256 0 2 0 5
154 -128 -320 -32 -320 0 2 0 5
154 -128 -384 -32 -384 0 2 0 5
154 -128 -448 -32 -448 0 2 0 5
w 256 -368 400 272 0
w 256 -64 400 336 0
w 256 224 400 400 0
w 256 528 400 464 0
w 256 832 400 528 0
I 400 592 480 592 0 0.5 5
w 256 1136 400 592 0
x 466 258 538 261 4 24 eP0P1
x 462 318 534 321 4 24 eP0P2
x 462 382 534 385 4 24 eP0P3
x 458 450 530 453 4 24 eP1P2
x 457 514 529 517 4 24 eP1P3
x 456 580 528 583 4 24 eP2P3
x -140 -492 -92 -489 4 24 adr3
x -125 -199 -77 -196 4 24 adr3
x -128 91 -80 94 4 24 adr3
x -129 389 -81 392 4 24 adr3
x -128 712 -80 715 4 24 adr3
x -120 1017 -72 1020 4 24 adr3
x -114 1301 -66 1304 4 24 adr0
x -120 992 -72 995 4 24 adr0
x -130 677 -82 680 4 24 adr0
x -130 373 -82 376 4 24 adr0
x -98 53 -50 56 4 24 adr0
x -114 -235 -66 -232 4 24 adr0
L -2720 1696 -2784 1696 0 0 false 5 0
L -2720 1744 -2784 1744 0 0 false 5 0
L -2720 1792 -2784 1792 0 0 false 5 0
L -2720 1840 -2784 1840 0 0 false 5 0
x -2764 1676 -2687 1679 4 24 addrP0
w -2720 1696 -2640 1696 0
w -2720 1744 -2640 1744 0
w -2720 1792 -2640 1792 0
w -2720 1840 -2640 1840 0
w -2720 2112 -2640 2112 0
w -2720 2064 -2640 2064 0
w -2720 2016 -2640 2016 0
w -2720 1968 -2640 1968 0
x -2764 1948 -2687 1951 4 24 addrP1
L -2720 2112 -2784 2112 0 0 false 5 0
L -2720 2064 -2784 2064 0 0 false 5 0
L -2720 2016 -2784 2016 0 0 false 5 0
L -2720 1968 -2784 1968 0 0 false 5 0
L -2720 2496 -2784 2496 0 0 false 5 0
L -2720 2544 -2784 2544 0 0 false 5 0
L -2720 2592 -2784 2592 0 0 false 5 0
L -2720 2640 -2784 2640 0 0 false 5 0
x -2764 2476 -2687 2479 4 24 addrP3
w -2720 2496 -2640 2496 0
w -2720 2544 -2640 2544 0
w -2720 2592 -2640 2592 0
w -2720 2640 -2640 2640 0
w -2720 2368 -2640 2368 0
w -2720 2320 -2640 2320 0
w -2720 2272 -2640 2272 0
w -2720 2224 -2640 2224 0
x -2764 2204 -2687 2207 4 24 addrP2
L -2720 2368 -2784 2368 0 0 false 5 0
L -2720 2320 -2784 2320 0 0 false 5 0
L -2720 2272 -2784 2272 0 0 false 5 0
L -2720 2224 -2784 2224 0 0 false 5 0
184 512 1536 624 1536 0 2
184 512 1856 624 1856 0 2
184 512 2464 624 2464 0 2
184 512 2144 624 2144 0 2
w -2640 2640 512 2624 0
w 512 2624 512 2560 0
w -2640 2368 464 2352 0
w 464 2352 464 2528 0
w 464 2528 496 2528 0
w 496 2528 512 2528 0
w -2640 2112 -1904 2112 0
w -1904 2112 -1904 2496 0
w -1904 2496 512 2496 0
w -2640 1840 -1840 1840 0
w -1840 1840 -1840 2464 0
w -1840 2464 512 2464 0
w -2640 2592 368 2576 0
w 368 2576 368 2240 0
w 368 2240 512 2240 0
w -2640 2320 320 2304 0
w 320 2304 320 2208 0
w 320 2208 512 2208 0
w -2640 2064 432 2064 0
w 432 2064 432 2176 0
w 432 2176 512 2176 0
w -2640 1792 224 1792 0
w 224 1792 224 2144 0
w 224 2144 512 2144 0
w -2640 1744 512 1744 0
w 512 1744 512 1856 0
w -2640 2016 368 2000 0
w 368 2000 368 1888 0
w 368 1888 512 1888 0
w -2640 2272 272 2272 0
w 272 2272 272 1920 0
w 272 1920 512 1920 0
w -2640 2544 416 2528 0
w 416 2528 416 1952 0
w 416 1952 512 1952 0
w -2640 2496 -2496 2496 0
w -2496 2496 -2496 1632 0
w -2496 1632 512 1632 0
w -2640 2224 -2528 2224 0
w -2528 2224 -2528 1600 0
w -2528 1600 512 1600 0
w -2640 1968 -2560 1968 0
w -2560 1968 -2560 1568 0
w -2560 1568 512 1568 0
w -2640 1696 -2592 1696 0
w -2592 1696 -2592 1536 0
w -2592 1536 512 1536 0
w 640 1536 1712 1536 0
w 640 1856 640 1568 0
w 640 1568 1712 1568 0
w 640 2144 672 2144 0
w 672 2144 672 1600 0
w 672 1600 1712 1600 0
w 640 2464 720 2464 0
w 720 2464 720 1632 0
w 720 1632 1712 1632 0
x 1647 1513 1701 1516 4 24 adrM
w 576 1696 576 1824 0
w 576 1824 752 1824 0
w 752 1824 752 2064 0
w 752 2064 576 2064 0
w 576 2064 576 2016 0
w 752 2064 752 2352 0
w 752 2352 576 2352 0
w 576 2352 576 2304 0
w 752 2352 752 2688 0
w 752 2688 576 2688 0
w 576 2688 576 2624 0
w 608 1696 608 1792 0
w 608 1792 784 1792 0
w 784 1792 784 2048 0
w 784 2048 608 2048 0
w 608 2048 608 2016 0
w 784 2048 784 2336 0
w 784 2336 608 2336 0
w 608 2336 608 2304 0
w 784 2336 784 2624 0
w 784 2624 608 2624 0
x 589 2656 602 2659 4 24 a
x 643 2613 656 2616 4 24 b
152 336 2768 432 2768 0 2 0 5
152 336 2864 432 2864 0 2 0 5
w 432 2768 576 2768 0
w 432 2864 752 2864 0
150 16 2720 112 2720 0 3 0 5
150 16 2816 112 2816 0 4 0 5
150 16 2928 112 2928 0 2 0 5
150 16 3024 112 3024 0 4 0 5
w 112 2720 336 2752 0
w 112 2816 336 2784 0
w 112 2928 336 2848 0
w 112 3024 336 2880 0
I -48 2704 16 2704 0 0.5 5
I -96 2720 -48 2720 0 0.5 5
I -32 2784 16 2784 0 0.5 5
I -80 2800 -32 2800 0 0.5 5
I -32 2832 16 2832 0 0.5 5
I -32 2912 16 2912 0 0.5 5
I -32 2992 16 2992 0 0.5 5
I -32 3040 16 3040 0 0.5 5
I -80 3008 -32 3008 0 0.5 5
w -32 3008 16 3008 0
w -32 2800 16 2800 0
w -48 2720 16 2720 0
w -128 -464 -2336 -464 0
w -2336 -464 -2656 -464 0
w -2640 1840 -2656 -464 0
w -2448 2112 -2464 -432 0
w -2464 -432 -128 -432 0
w -2448 2112 -2640 2112 0
w -2640 2064 -2432 2064 0
w -2432 2064 -2432 912 0
w -2640 2016 -2416 2016 0
w -2416 2016 -2416 960 0
w -2560 1968 -2400 1968 0
w -2400 1968 -2400 1008 0
w -2720 1792 -2624 1792 0
w -2624 1792 -2624 784 0
w -2720 1744 -2608 1744 0
w -2608 1744 -2608 832 0
w -2592 1536 -2592 880 0
w -2624 784 -2624 -336 0
w -128 -400 -2624 -384 0
w -2624 -384 -2624 -336 0
w -128 -368 -2432 -352 0
w -2432 912 -2432 -352 0
w -128 -336 -2608 -320 0
w -2608 832 -2608 -320 0
w -128 -304 -2416 -272 0
w -2416 960 -2416 -272 0
w -128 -272 -2592 -240 0
w -2592 880 -2592 -240 0
w -128 -240 -2400 -224 0
w -2400 1008 -2400 -224 0
w -128 -176 -2336 -176 0
w -2336 -464 -2336 -176 0
w -2624 -384 -2272 -384 0
w -2272 -384 -2272 -144 0
w -2608 -320 -2240 -320 0
w -2240 -320 -2240 -80 0
w -2592 -240 -2592 -32 0
w -2592 -32 -2224 -32 0
w -128 16 -2224 16 0
w -2224 16 -2224 -32 0
w -128 304 -2224 320 0
w -2224 320 -2224 16 0
w -128 -48 -2176 -48 0
w -2176 -48 -2176 -80 0
w -2240 -80 -2176 -80 0
w -128 240 -2176 240 0
w -2176 240 -2176 -48 0
w -128 -112 -2272 -112 0
w -2272 -112 -2272 -144 0
w -128 176 -2272 176 0
w -2272 176 -2272 -112 0
w -128 112 -2352 112 0
w -2352 112 -2352 -176 0
w -2352 -176 -2336 -176 0
w -128 736 -2128 736 0
w -128 416 -2128 432 0
w -128 480 -2096 496 0
w -128 800 -2096 800 0
w -128 544 -2048 560 0
w -128 864 -2048 864 0
w -128 928 -2000 928 0
w -128 608 -2032 624 0
w -2400 1008 -2400 944 0
w -2400 944 -2400 928 0
w -2400 928 -2000 928 0
w -2032 624 -2032 928 0
w -2032 928 -2000 928 0
w -2416 960 -2048 960 0
w -2048 960 -2048 864 0
w -2048 864 -2048 560 0
w -2432 912 -2096 912 0
w -2096 912 -2096 800 0
w -2096 800 -2096 496 0
w -2464 -432 -2144 -432 0
w -2144 -432 -2144 432 0
w -2144 432 -2128 432 0
w -2128 432 -2128 736 0
w -2528 2224 -2368 2224 0
w -2368 2224 -2368 1040 0
w -2640 2272 -2352 2272 0
w -2352 2272 -2352 1072 0
w -2640 2320 -2336 2320 0
w -2336 2320 -2336 1104 0
w -2640 2368 -2320 2368 0
w -2320 2368 -2320 1136 0
w -2496 2496 -2272 2496 0
w -2272 2496 -2272 1200 0
w -2640 2544 -2240 2544 0
w -2240 2544 -2240 1232 0
w -2640 2592 -2224 2592 0
w -2224 2592 -2224 1264 0
w -2640 2640 -2208 2640 0
w -2208 2640 -2208 1280 0
w -2368 1040 -2368 -112 0
w -128 -144 -2368 -144 0
w -2368 -144 -2368 -112 0
w -128 448 -2368 480 0
w -2368 480 -2368 1040 0
w -2352 1072 -2352 208 0
w -2352 208 -1984 208 0
w -128 -80 -1984 -80 0
w -1984 -80 -1984 208 0
w -128 512 -2352 512 0
w -2352 512 -2352 1072 0
w -128 576 -2336 592 0
w -2336 592 -2336 1104 0
w -2336 592 -2336 32 0
w -2336 32 -224 32 0
w -224 32 -224 -16 0
w -224 -16 -128 -16 0
w -128 48 -2320 48 0
w -2320 48 -2320 1136 0
w -128 640 -2320 656 0
w -2320 656 -2320 1136 0
w -128 1040 -2368 1040 0
w -128 1104 -2208 1104 0
w -2208 1104 -2208 1072 0
w -2208 1072 -2352 1072 0
w -2336 1104 -2256 1104 0
w -128 1168 -2224 1168 0
w -2224 1168 -2224 1104 0
w -2224 1104 -2256 1104 0
w -2320 1136 -384 1136 0
w -128 1232 -384 1232 0
w -384 1232 -384 1136 0
w -2272 1200 -2272 1056 0
w -2272 1056 -128 1056 0
w -128 1056 -128 1072 0
w -2272 1056 -1104 1056 0
w -1104 1056 -1104 768 0
w -1104 768 -128 768 0
w -1104 768 -1104 144 0
w -1104 144 -128 144 0
w -2240 1232 -2240 1120 0
w -2240 1120 -128 1120 0
w -128 1120 -128 1136 0
w -2240 1120 -1168 1120 0
w -1168 1120 -1168 832 0
w -1168 832 -128 832 0
w -1168 832 -1168 208 0
w -1168 208 -128 208 0
w -2224 1264 -2224 1200 0
w -2224 1200 -128 1200 0
w -2224 1200 -1232 1200 0
w -1232 1200 -1232 288 0
w -1232 288 -128 272 0
w -1232 1200 -1232 896 0
w -1232 896 -128 896 0
w -2208 1280 -2208 1264 0
w -2208 1264 -128 1264 0
w -2208 1264 -1280 1264 0
w -1280 1264 -1280 960 0
w -1280 960 -128 960 0
w -1280 960 -1280 352 0
w -1280 352 -128 336 0
w 576 2768 784 2768 0
w 784 2768 784 2624 0
w 752 2688 752 2864 0
x 377 2825 390 2828 4 24 a
x 376 2723 389 2726 4 24 b
L -2576 -960 -2640 -960 0 0 false 5 0
L -2576 -912 -2640 -912 0 0 false 5 0
L -2576 -864 -2640 -864 0 0 false 5 0
L -2576 -816 -2640 -816 0 0 false 5 0
x -2620 -980 -2586 -977 4 24 req
L -2576 -1088 -2640 -1088 0 0 false 5 0
L -2576 -1136 -2640 -1136 0 0 false 5 0
L -2576 -1184 -2640 -1184 0 0 false 5 0
L -2576 -1232 -2640 -1232 0 0 false 5 0
x -2618 -1287 -2581 -1284 4 24 acc
w -2576 -1232 1328 -1216 0
w 1488 -1216 1488 -592 0
w 1488 -592 1840 -592 0
x 1693 -612 1766 -609 4 40 sel0
150 1440 -368 1696 -368 0 3 0 5
150 1440 -32 1696 -32 0 3 0 5
150 1440 112 1696 112 0 3 0 5
150 1440 416 1696 416 0 3 0 5
150 1440 544 1696 544 0 3 0 5
150 1440 672 1696 672 0 3 0 5
w 1440 688 608 688 0
w 608 688 608 592 0
w 608 592 480 592 0
w 480 528 1344 528 0
w 1344 528 1344 560 0
w 1344 560 1440 560 0
w 480 400 1328 400 0
w 1328 400 1328 432 0
w 1328 432 1440 432 0
w 480 464 1200 464 0
w 1200 464 1200 128 0
w 1200 128 1440 128 0
w 480 336 1136 336 0
w 1136 336 1136 -16 0
w 1136 -16 1440 -16 0
w 480 272 1056 272 0
w 1056 272 1072 -352 0
w 1072 -352 1440 -352 0
w 1328 -1216 1328 -368 0
w 1328 -368 1440 -368 0
w 1328 -368 1328 -32 0
w 1328 -32 1440 -32 0
w 1328 -32 1328 336 0
w 1328 336 1360 336 0
w 1360 336 1360 416 0
w 1360 416 1440 416 0
w 1360 416 1360 992 0
x 1369 957 1419 960 4 24 acc0
152 1696 -384 1920 -384 0 2 0 5
w -2576 -1184 1248 -1168 0
w 1248 -1168 1248 -448 0
w 1248 -448 1664 -448 0
w 1664 -448 1696 -400 0
x 1873 -430 1946 -427 4 40 sel1
152 1840 32 2064 32 0 3 0 5
w 1696 -32 1696 32 0
w 1696 32 1840 32 0
w 1696 112 1696 48 0
w 1696 48 1840 48 0
x 2020 -8 2093 -5 4 40 sel2
w 1248 -448 1248 112 0
w 1248 112 1440 112 0
w 1248 112 1248 496 0
w 1248 496 1376 496 0
w 1376 496 1376 544 0
w 1376 544 1440 544 0
w 1248 496 1248 1008 0
x 1257 925 1307 928 4 24 acc1
w -2576 -1136 1168 -1120 0
w 1168 -1120 1168 -96 0
w 1168 -96 1808 -96 0
w 1808 -96 1808 16 0
w 1808 16 1840 16 0
w 1168 -96 1168 672 0
w 1168 672 1440 672 0
w 1168 672 1168 1008 0
x 1176 903 1226 906 4 24 acc2
152 1888 528 2112 528 0 4 0 5
w 1696 672 1888 672 0
w 1888 672 1888 560 0
w 1696 544 1888 544 0
w 1696 416 1696 512 0
w 1696 512 1888 512 0
w -2576 -1088 944 -1056 0
w 944 -1056 928 208 0
w 928 208 1888 208 0
w 1888 208 1888 496 0
w 928 208 928 992 0
x 936 919 986 922 4 24 acc3
x 2065 512 2138 515 4 40 sel3
w -2576 -912 864 -896 0
w -2576 -864 800 -832 0
w -2576 -816 704 -800 0
w 864 -896 864 -384 0
w 864 -384 1440 -384 0
w 800 -832 800 -48 0
w 800 -48 1440 -48 0
w 800 -48 800 96 0
w 800 96 1440 96 0
w 704 -800 704 384 0
w 704 384 1408 384 0
w 1408 384 1408 400 0
w 1408 400 1440 400 0
w 1408 400 1408 528 0
w 1408 528 1440 528 0
w 1408 528 1408 656 0
w 1408 656 1440 656 0
w 928 992 912 3328 0
w 1168 1008 1136 3264 0
w 1248 1008 1248 3184 0
w 1360 992 1376 3104 0
w 1376 3104 720 3104 0
w 1248 3184 736 3184 0
w 1136 3264 736 3264 0
w 912 3328 736 3328 0
w 720 3104 -144 3104 0
w -144 3104 -144 2992 0
w -144 2992 -32 2992 0
w -144 2992 -144 2912 0
w -144 2912 -32 2912 0
w -144 2912 -144 2784 0
w -144 2784 -32 2784 0
w -144 2784 -144 2704 0
w -144 2704 -48 2704 0
w 736 3184 -112 3184 0
w -112 3184 -112 3008 0
w -112 3008 -80 3008 0
w -112 3008 -112 2944 0
w -112 2944 16 2944 0
w -112 2944 -112 2800 0
w -112 2800 -80 2800 0
w -112 2800 -112 2720 0
w -112 2720 -96 2720 0
w 736 3264 -96 3264 0
w -96 3264 -96 3040 0
w -96 3040 -32 3040 0
w -96 3040 -96 2832 0
w -96 2832 -32 2832 0
w -96 2832 -96 2736 0
w -96 2736 16 2736 0
w 736 3328 -64 3328 0
w -64 3328 -64 3056 0
w -64 3056 16 3056 0
w -64 3056 -64 2848 0
w -64 2848 16 2848 0
w 1840 -592 1824 1216 0
w 1872 -352 1856 1248 0
w 2016 64 2016 1280 0
w 2064 560 2064 1312 0
w 1824 1216 2336 1216 0
w 1856 1248 2336 1248 0
w 2016 1280 2336 1280 0
w 2064 1312 2336 1312 0
x 2305 1202 2347 1205 4 24 acki
L 2256 -1328 2192 -1328 0 0 false 5 0
L 2256 -1280 2192 -1280 0 0 false 5 0
L 2256 -1232 2192 -1232 0 0 false 5 0
L 2256 -1184 2192 -1184 0 0 false 5 0
x 2212 -1348 2288 -1345 4 24 dataP0
w 2256 -1328 2336 -1328 0
w 2256 -1280 2336 -1280 0
w 2256 -1232 2336 -1232 0
w 2256 -1184 2336 -1184 0
L 2336 -832 2272 -832 0 0 false 5 0
L 2336 -784 2272 -784 0 0 false 5 0
L 2336 -736 2272 -736 0 0 false 5 0
L 2336 -688 2272 -688 0 0 false 5 0
x 2292 -852 2368 -849 4 24 dataP1
w 2336 -832 2416 -832 0
w 2336 -784 2416 -784 0
w 2336 -736 2416 -736 0
w 2336 -688 2416 -688 0
w 2384 -272 2464 -272 0
w 2384 -320 2464 -320 0
w 2384 -368 2464 -368 0
w 2384 -416 2464 -416 0
x 2340 -436 2416 -433 4 24 dataP2
L 2384 -272 2320 -272 0 0 false 5 0
L 2384 -320 2320 -320 0 0 false 5 0
L 2384 -368 2320 -368 0 0 false 5 0
L 2384 -416 2320 -416 0 0 false 5 0
w 2480 208 2560 208 0
w 2480 160 2560 160 0
w 2480 112 2560 112 0
w 2480 64 2560 64 0
x 2436 44 2512 47 4 24 dataP3
L 2480 208 2416 208 0 0 false 5 0
L 2480 160 2416 160 0 0 false 5 0
L 2480 112 2416 112 0 0 false 5 0
L 2480 64 2416 64 0 0 false 5 0
150 2976 -1152 3152 -1152 0 2 0 5
150 2976 -1072 3152 -1072 0 2 0 5
150 2976 -912 3152 -912 0 2 0 5
150 2976 -992 3152 -992 0 2 0 5
150 2976 -592 3152 -592 0 2 0 5
150 2976 -512 3152 -512 0 2 0 5
150 2976 -672 3152 -672 0 2 0 5
150 2976 -752 3152 -752 0 2 0 5
150 2976 -160 3152 -160 0 2 0 5
150 2976 -80 3152 -80 0 2 0 5
150 2976 -240 3152 -240 0 2 0 5
150 2976 -320 3152 -320 0 2 0 5
150 2976 240 3152 240 0 2 0 5
150 2976 320 3152 320 0 2 0 5
150 2976 160 3152 160 0 2 0 5
150 2976 80 3152 80 0 2 0 5
w 1952 -592 1952 -928 0
w 1952 -928 2864 -928 0
w 2864 -928 2864 -896 0
w 2864 -896 2976 -896 0
w 2864 -928 2864 -976 0
w 2864 -976 2976 -976 0
w 2864 -976 2864 -1056 0
w 2864 -1056 2976 -1056 0
w 2864 -1056 2864 -1136 0
w 2864 -1136 2976 -1136 0
w 1920 -384 2112 -384 0
w 2112 -384 2112 -496 0
w 2112 -496 2896 -496 0
w 2896 -496 2896 -576 0
w 2896 -576 2976 -576 0
w 2896 -496 2976 -496 0
w 2896 -576 2896 -656 0
w 2896 -656 2976 -656 0
w 2896 -656 2896 -736 0
w 2896 -736 2976 -736 0
w 2064 32 2288 32 0
w 2288 32 2288 -32 0
w 2288 -32 2896 -32 0
w 2896 -32 2896 -64 0
w 2896 -64 2976 -64 0
w 2896 -64 2896 -144 0
w 2896 -144 2976 -144 0
w 2896 -144 2896 -224 0
w 2896 -224 2976 -224 0
w 2896 -224 2896 -304 0
w 2896 -304 2976 -304 0
w 2112 528 2880 528 0
w 2880 528 2880 336 0
w 2880 336 2976 336 0
w 2880 336 2880 256 0
w 2880 256 2976 256 0
w 2880 256 2880 176 0
w 2880 176 2976 176 0
w 2880 176 2880 96 0
w 2880 96 2976 96 0
w 2336 -1328 2720 -1328 0
w 2720 -1328 2720 -1168 0
w 2720 -1168 2976 -1168 0
w 2336 -1280 2688 -1280 0
w 2688 -1280 2688 -1088 0
w 2688 -1088 2976 -1088 0
w 2336 -1232 2640 -1232 0
w 2640 -1232 2640 -1008 0
w 2640 -1008 2976 -1008 0
w 2336 -1184 2608 -1184 0
w 2608 -1184 2608 -912 0
w 2608 -912 2944 -912 0
w 2944 -912 2944 -928 0
w 2944 -928 2976 -928 0
w 2416 -832 2912 -832 0
w 2912 -832 2912 -768 0
w 2912 -768 2976 -768 0
w 2416 -784 2848 -784 0
w 2848 -784 2848 -688 0
w 2848 -688 2976 -688 0
w 2416 -736 2800 -736 0
w 2800 -736 2800 -608 0
w 2800 -608 2976 -608 0
w 2416 -688 2768 -688 0
w 2768 -688 2768 -528 0
w 2768 -528 2976 -528 0
w 2464 -416 2848 -416 0
w 2848 -416 2848 -336 0
w 2848 -336 2976 -336 0
w 2464 -368 2816 -368 0
w 2816 -368 2816 -256 0
w 2816 -256 2976 -256 0
w 2464 -320 2784 -320 0
w 2784 -320 2784 -176 0
w 2784 -176 2976 -176 0
w 2464 -272 2752 -272 0
w 2752 -272 2752 -96 0
w 2752 -96 2976 -96 0
w 2560 64 2848 64 0
w 2848 64 2976 64 0
w 2560 112 2816 112 0
w 2816 112 2816 144 0
w 2816 144 2976 144 0
w 2560 160 2768 160 0
w 2768 160 2768 224 0
w 2768 224 2976 224 0
w 2560 208 2720 208 0
w 2720 208 2720 304 0
w 2720 304 2976 304 0
196 3712 -1088 3760 -1088 2 1
196 3712 -960 3760 -960 2 1
196 3712 -800 3760 -800 2 1
196 3712 -672 3760 -672 2 1
196 4432 -320 4480 -320 2 1
196 4432 -448 4480 -448 2 1
196 4432 -608 4480 -608 2 1
196 4432 -736 4480 -736 2 1
w 3152 -1152 3712 -1152 0
w 3712 -1152 3712 -1088 0
w 3152 -752 3184 -752 0
w 3184 -752 3184 -1056 0
w 3184 -1056 3712 -1056 0
w 3152 -1072 3680 -1072 0
w 3680 -1072 3680 -960 0
w 3680 -960 3712 -960 0
w 3152 -672 3216 -672 0
w 3216 -672 3216 -928 0
w 3216 -928 3712 -928 0
w 3152 -992 3632 -992 0
w 3632 -992 3632 -800 0
w 3632 -800 3712 -800 0
w 3152 -592 3264 -592 0
w 3264 -592 3264 -768 0
w 3264 -768 3712 -768 0
w 3152 -912 3616 -912 0
w 3616 -912 3616 -672 0
w 3616 -672 3712 -672 0
w 3152 -512 3520 -512 0
w 3520 -512 3520 -640 0
w 3520 -640 3712 -640 0
w 3520 192 3712 192 0
w 3520 320 3520 192 0
w 3152 320 3520 320 0
w 3616 160 3712 160 0
w 3616 -80 3616 160 0
w 3152 -80 3616 -80 0
w 3264 64 3712 64 0
w 3264 240 3264 64 0
w 3152 240 3264 240 0
w 3632 32 3712 32 0
w 3632 -160 3632 32 0
w 3152 -160 3632 -160 0
w 3216 -96 3712 -96 0
w 3216 160 3216 -96 0
w 3152 160 3216 160 0
w 3680 -128 3712 -128 0
w 3680 -240 3680 -128 0
w 3152 -240 3680 -240 0
w 3184 -224 3712 -224 0
w 3184 80 3184 -224 0
w 3152 80 3184 80 0
w 3712 -320 3712 -256 0
w 3152 -320 3712 -320 0
196 3712 160 3760 160 2 1
196 3712 32 3760 32 2 1
196 3712 -128 3760 -128 2 1
196 3712 -256 3760 -256 2 1
w 3808 -1088 3856 -1088 0
w 3856 -1088 3856 -864 0
w 3856 -864 3712 -864 0
w 3712 -864 3712 -896 0
w 3808 -960 3840 -960 0
w 3840 -960 3840 -704 0
w 3840 -704 3712 -704 0
w 3712 -704 3712 -736 0
w 3808 -800 3824 -800 0
w 3824 -800 3824 -576 0
w 3824 -576 3712 -576 0
w 3712 -576 3712 -608 0
w 3808 -256 3872 -256 0
w 3872 -256 3872 -16 0
w 3872 -16 3712 -16 0
w 3712 -16 3712 -64 0
w 3808 -128 3856 -128 0
w 3856 -128 3856 128 0
w 3856 128 3712 128 0
w 3712 128 3712 96 0
w 3808 32 3840 32 0
w 3840 32 3840 272 0
w 3840 272 3712 272 0
w 3712 272 3712 224 0
w 3808 -1024 4304 -1024 0
w 4304 -1024 4304 -736 0
w 4304 -736 4432 -736 0
w 3808 -896 4256 -896 0
w 4256 -896 4256 -608 0
w 4256 -608 4432 -608 0
w 3808 -736 4224 -736 0
w 4224 -736 4224 -448 0
w 4224 -448 4432 -448 0
w 3808 -608 4208 -608 0
w 4208 -608 4208 -320 0
w 4208 -320 4432 -320 0
w 3808 -192 4320 -192 0
w 4320 -192 4320 -704 0
w 4320 -704 4432 -704 0
w 3808 -64 4336 -64 0
w 4336 -64 4336 -576 0
w 4336 -576 4432 -576 0
w 3808 96 4368 96 0
w 4368 96 4368 -416 0
w 4368 -416 4432 -416 0
w 3808 224 4416 224 0
w 4416 224 4416 -288 0
w 4416 -288 4432 -288 0
w 4528 -736 4592 -736 0
w 4592 -736 4592 -496 0
w 4592 -496 4432 -496 0
w 4432 -496 4432 -544 0
w 4528 -608 4576 -608 0
w 4576 -608 4576 -352 0
w 4576 -352 4432 -352 0
w 4432 -352 4432 -384 0
w 4528 -448 4560 -448 0
w 4560 -448 4560 -208 0
w 4560 -208 4432 -208 0
w 4432 -208 4432 -256 0
152 4016 -512 4160 -512 0 2 0 5
w 3808 -672 3936 -672 0
w 3936 -672 3936 -528 0
w 3936 -528 4016 -528 0
w 3808 160 3920 160 0
w 3920 160 3920 -496 0
w 3920 -496 4016 -496 0
w 4160 -512 4368 -512 0
w 4368 -512 4368 -672 0
w 4368 -672 4432 -672 0
w 4528 -672 5040 -672 0
w 4528 -544 4768 -544 0
w 4768 -544 4768 -656 0
w 4768 -656 5040 -656 0
w 4528 -384 4800 -384 0
w 4800 -384 4800 -640 0
w 4800 -640 5040 -640 0
w 4528 -256 4832 -256 0
w 4832 -256 4832 -624 0
w 4832 -624 5040 -624 0
w 4528 -320 4864 -320 0
w 4864 -320 4864 -608 0
w 4864 -608 5040 -608 0
x 4978 -691 5044 -688 4 24 dataM
w 1328 -1216 1488 -1216 0
w 1840 -592 1952 -592 0
w 1872 -352 1920 -352 0
w 1920 -352 1920 -368 0
w 1920 -368 1920 -384 0
w 2016 64 2064 64 0
w 2064 64 2064 32 0
w 2064 560 2112 560 0
w 2112 560 2112 528 0
